Id,0
1461,123019.02
1462,162993.12
1463,185244.84
1464,188632.56
1465,183417.73
1466,176813.31
1467,176986.7
1468,170341.67
1469,186169.2
1470,119844.75
1471,202652.97
1472,85233.83
1473,105513.19
1474,158169.64
1475,123850.67
1476,367583.6
1477,252812.48
1478,277610.88
1479,197778.56
1480,549984.44
1481,294077.2
1482,203787.0
1483,178948.56
1484,180596.77
1485,176897.95
1486,203801.38
1487,298385.44
1488,241792.67
1489,212811.2
1490,214031.06
1491,176946.31
1492,68224.42
1493,193195.31
1494,259600.84
1495,319356.6
1496,235076.27
1497,187405.77
1498,159853.5
1499,161490.84
1500,146984.66
1501,180312.95
1502,155705.9
1503,313041.16
1504,220641.2
1505,208570.83
1506,189728.83
1507,249963.19
1508,216489.6
1509,165685.22
1510,143870.42
1511,129168.375
1512,141784.03
1513,158082.2
1514,180954.11
1515,204612.14
1516,164003.31
1517,152960.56
1518,122912.234
1519,229189.44
1520,142405.8
1521,141087.48
1522,169856.06
1523,104657.63
1524,111308.664
1525,124665.555
1526,132234.4
1527,95109.21
1528,135296.88
1529,142574.83
1530,170881.05
1531,135568.03
1532,103842.61
1533,150377.95
1534,118020.62
1535,166571.7
1536,94956.98
1537,90945.82
1538,197273.83
1539,194878.16
1540,109062.914
1541,160511.12
1542,149768.84
1543,202147.39
1544,83891.86
1545,124952.54
1546,129262.17
1547,134061.52
1548,135590.52
1549,107388.54
1550,147903.62
1551,119615.52
1552,126684.23
1553,145493.08
1554,105841.17
1555,181707.55
1556,101386.4
1557,109141.77
1558,103112.85
1559,118720.695
1560,132913.38
1561,158419.12
1562,115146.04
1563,131555.39
1564,154629.36
1565,158692.95
1566,211238.11
1567,86967.06
1568,233305.17
1569,154547.11
1570,120783.86
1571,117466.805
1572,143155.08
1573,251344.67
1574,132439.25
1575,220311.34
1576,230240.03
1577,214529.86
1578,170962.19
1579,142952.33
1580,198099.81
1581,156197.61
1582,131921.7
1583,341442.2
1584,227668.19
1585,144145.11
1586,66305.27
1587,98374.28
1588,140027.7
1589,90218.02
1590,130321.305
1591,97487.984
1592,118100.73
1593,125947.28
1594,137697.16
1595,126190.61
1596,248696.0
1597,168097.88
1598,196779.44
1599,163964.4
1600,165395.47
1601,82793.86
1602,117303.555
1603,88652.9
1604,276572.34
1605,228897.47
1606,169774.31
1607,155436.12
1608,215775.2
1609,207169.83
1610,168573.75
1611,157695.11
1612,149267.62
1613,161445.06
1614,111197.59
1615,71296.19
1616,71338.88
1617,85547.43
1618,132018.38
1619,142740.88
1620,192076.16
1621,130683.15
1622,145791.69
1623,324910.7
1624,231037.17
1625,143706.28
1626,164799.6
1627,187919.2
1628,297524.47
1629,184811.64
1630,357497.38
1631,240515.67
1632,279276.34
1633,179649.45
1634,182500.88
1635,179397.86
1636,161951.84
1637,152375.03
1638,213990.34
1639,172463.78
1640,269287.38
1641,188764.23
1642,209268.19
1643,207799.52
1644,217067.31
1645,164923.28
1646,158576.34
1647,165475.05
1648,134852.66
1649,132760.23
1650,123148.484
1651,126130.336
1652,97219.57
1653,93734.7
1654,156808.73
1655,142649.61
1656,151683.47
1657,156808.73
1658,156389.52
1659,126239.48
1660,149172.69
1661,545333.8
1662,448560.6
1663,374412.0
1664,360989.75
1665,293673.16
1666,330929.6
1667,346897.75
1668,327997.5
1669,297118.78
1670,336915.5
1671,249362.97
1672,526528.56
1673,300018.28
1674,246017.39
1675,178631.05
1676,195910.72
1677,229322.81
1678,526262.25
1679,413865.94
1680,333211.12
1681,262297.0
1682,316343.8
1683,179030.64
1684,166529.08
1685,183769.5
1686,162587.11
1687,178978.81
1688,190187.23
1689,188012.23
1690,181064.1
1691,178905.78
1692,244734.4
1693,183269.44
1694,185065.56
1695,169878.2
1696,276461.38
1697,169325.9
1698,418302.4
1699,355345.84
1700,250562.03
1701,264827.1
1702,258761.81
1703,252212.06
1704,306726.16
1705,228876.64
1706,481982.56
1707,219458.38
1708,223252.25
1709,276185.1
1710,199711.56
1711,235735.02
1712,209860.97
1713,265336.4
1714,213741.94
1715,208934.22
1716,180004.1
1717,175685.28
1718,129732.96
1719,186915.8
1720,259402.6
1721,166457.45
1722,124843.84
1723,154338.78
1724,220811.52
1725,240524.73
1726,192549.72
1727,157700.78
1728,179600.34
1729,168279.17
1730,174103.73
1731,130654.45
1732,132885.25
1733,120017.375
1734,115847.11
1735,132465.75
1736,116133.375
1737,311818.47
1738,218499.58
1739,322817.0
1740,208972.67
1741,179758.03
1742,180386.11
1743,184997.8
1744,295078.88
1745,219451.78
1746,248097.12
1747,227230.05
1748,210935.3
1749,159656.53
1750,139672.53
1751,225812.2
1752,111459.74
1753,133141.83
1754,222998.98
1755,171827.44
1756,121161.21
1757,131160.39
1758,152131.39
1759,179784.97
1760,151600.55
1761,156139.27
1762,144184.58
1763,164818.72
1764,107838.78
1765,188048.58
1766,161395.83
1767,235594.03
1768,137870.2
1769,168227.83
1770,141552.4
1771,123373.63
1772,122597.85
1773,144080.25
1774,117399.836
1775,147026.33
1776,105187.414
1777,121868.164
1778,135445.05
1779,103508.85
1780,182552.62
1781,122200.89
1782,82251.62
1783,130803.33
1784,99259.91
1785,111473.914
1786,126685.21
1787,180649.8
1788,61908.305
1789,88602.414
1790,83297.31
1791,220342.62
1792,152314.2
1793,149044.97
1794,151040.45
1795,134048.03
1796,132249.47
1797,129662.47
1798,124195.664
1799,115254.49
1800,132010.4
1801,127194.875
1802,175066.84
1803,162951.98
1804,142147.53
1805,139836.3
1806,108398.13
1807,150192.44
1808,129673.555
1809,121419.47
1810,146078.11
1811,109846.54
1812,104027.62
1813,125068.24
1814,79492.016
1815,65324.543
1816,97971.08
1817,140421.88
1818,135448.9
1819,110665.63
1820,67860.65
1821,107024.46
1822,169753.42
1823,53314.746
1824,125913.13
1825,131337.5
1826,104280.76
1827,106991.96
1828,144788.31
1829,102912.414
1830,169874.6
1831,182356.34
1832,109274.81
1833,147757.3
1834,108664.49
1835,126507.82
1836,117218.84
1837,95805.94
1838,124087.07
1839,74246.21
1840,178268.66
1841,150120.03
1842,88818.35
1843,143699.61
1844,138389.42
1845,143624.05
1846,149635.72
1847,142983.14
1848,64670.434
1849,136709.11
1850,113020.04
1851,157913.95
1852,124503.1
1853,136389.89
1854,180651.5
1855,156252.39
1856,228487.44
1857,137627.56
1858,135263.83
1859,118616.78
1860,153388.78
1861,120242.02
1862,300919.28
1863,294607.84
1864,294607.84
1865,342944.1
1866,326416.8
1867,264553.72
1868,312660.16
1869,212183.56
1870,245672.4
1871,241723.98
1872,172914.22
1873,218854.89
1874,138267.72
1875,204483.78
1876,192396.67
1877,197136.58
1878,215372.31
1879,133313.45
1880,132667.81
1881,232180.64
1882,250753.94
1883,208218.78
1884,215618.64
1885,273803.25
1886,324476.3
1887,205932.3
1888,290746.84
1889,152564.95
1890,125670.625
1891,145529.83
1892,110808.16
1893,140383.1
1894,113693.61
1895,156850.8
1896,126216.58
1897,133358.4
1898,121002.61
1899,135292.92
1900,140415.05
1901,176379.27
1902,157202.31
1903,262057.73
1904,132795.83
1905,177239.08
1906,160855.34
1907,222204.38
1908,129403.984
1909,137306.69
1910,122305.15
1911,194642.72
1912,276455.94
1913,132026.11
1914,54955.465
1915,328532.53
1916,79011.99
1917,253422.27
1918,135526.67
1919,164201.58
1920,147642.78
1921,407649.25
1922,321843.66
1923,202832.78
1924,227528.16
1925,208716.12
1926,394363.12
1927,120827.03
1928,154713.36
1929,119717.35
1930,139999.17
1931,138059.16
1932,127892.05
1933,179605.34
1934,187324.8
1935,175299.67
1936,189678.34
1937,193985.19
1938,165655.27
1939,263371.7
1940,181389.77
1941,174027.31
1942,217329.08
1943,192718.22
1944,304711.72
1945,412943.72
1946,142124.5
1947,329722.12
1948,153791.66
1949,227555.53
1950,188152.56
1951,270080.5
1952,248876.08
1953,171988.61
1954,218900.53
1955,130687.98
1956,274047.9
1957,174918.08
1958,310710.22
1959,141273.4
1960,102449.16
1961,123082.336
1962,97431.164
1963,102137.33
1964,113711.53
1965,150176.73
1966,138198.61
1967,290597.97
1968,479311.75
1969,429761.6
1970,520711.84
1971,467069.62
1972,394364.16
1973,244246.92
1974,326986.3
1975,370418.4
1976,279995.97
1977,364678.38
1978,421840.47
1979,348316.56
1980,190352.45
1981,333984.25
1982,241357.78
1983,214635.7
1984,169223.45
1985,201309.5
1986,204321.47
1987,191306.6
1988,180275.44
1989,182058.84
1990,214958.27
1991,229158.39
1992,232473.75
1993,162660.89
1994,248648.2
1995,185009.1
1996,255133.23
1997,272391.56
1998,319234.97
1999,253664.98
2000,294427.34
2001,267162.94
2002,225829.36
2003,252327.62
2004,267015.78
2005,235130.81
2006,243548.42
2007,239750.3
2008,209384.08
2009,188840.53
2010,181250.66
2011,132589.47
2012,178013.58
2013,188511.45
2014,185834.47
2015,210896.31
2016,199764.55
2017,198477.92
2018,123891.836
2019,130453.42
2020,119714.14
2021,119285.44
2022,194893.02
2023,143244.69
2024,234394.66
2025,396398.25
2026,174802.53
2027,143769.89
2028,148485.25
2029,181294.5
2030,276273.2
2031,257941.58
2032,277844.53
2033,271671.12
2034,151442.94
2035,214322.67
2036,179614.66
2037,186376.62
2038,296071.5
2039,222439.4
2040,425551.6
2041,278626.6
2042,195732.66
2043,155777.34
2044,182874.0
2045,188596.0
2046,115630.516
2047,156853.67
2048,134565.81
2049,140163.27
2050,159055.67
2051,104920.72
2052,135045.4
2053,148902.72
2054,92795.32
2055,146277.88
2056,137125.33
2057,126400.01
2058,234438.47
2059,141509.61
2060,157034.14
2061,186421.05
2062,131712.34
2063,99743.11
2064,141276.22
2065,137597.64
2066,177733.06
2067,131899.95
2068,131259.38
2069,94136.92
2070,113338.82
2071,82598.41
2072,136593.83
2073,136686.4
2074,186771.89
2075,149884.7
2076,125489.0
2077,156939.19
2078,132315.95
2079,139850.98
2080,116005.79
2081,118627.4
2082,122319.81
2083,136018.45
2084,106984.45
2085,134075.48
2086,142533.11
2087,124024.445
2088,88828.67
2089,93447.7
2090,133179.94
2091,124978.8
2092,145985.78
2093,145604.1
2094,130119.36
2095,168355.67
2096,69839.18
2097,75847.57
2098,145921.28
2099,59862.758
2100,106995.71
2101,147758.2
2102,136705.31
2103,116199.29
2104,121558.8
2105,144422.4
2106,82175.04
2107,265515.56
2108,113251.26
2109,116666.28
2110,127073.58
2111,148485.78
2112,128664.8
2113,112185.305
2114,100157.875
2115,162478.73
2116,117249.78
2117,168382.34
2118,129687.49
2119,94445.86
2120,101949.22
2121,86713.84
2122,99611.21
2123,80464.11
2124,194231.23
2125,119472.88
2126,170920.67
2127,167476.4
2128,126354.41
2129,101569.7
2130,153821.61
2131,153375.5
2132,116021.28
2133,114312.664
2134,129066.48
2135,97852.555
2136,80599.35
2137,111279.234
2138,138807.25
2139,153123.89
2140,134254.66
2141,137950.95
2142,141252.94
2143,148121.25
2144,102356.83
2145,120922.336
2146,177859.23
2147,176461.75
2148,125054.25
2149,135078.89
2150,233452.17
2151,125537.49
2152,176806.62
2153,141496.44
2154,108137.43
2155,150338.38
2156,250946.67
2157,209116.36
2158,268002.2
2159,239443.86
2160,166222.66
2161,261189.44
2162,366996.78
2163,348367.22
2164,261318.53
2165,176802.81
2166,146886.06
2167,210176.86
2168,215531.89
2169,195849.97
2170,230581.25
2171,148113.25
2172,137134.19
2173,155556.06
2174,232182.45
2175,323972.22
2176,362487.22
2177,250635.61
2178,210573.53
2179,144103.33
2180,252705.98
2181,190286.27
2182,213128.84
2183,191233.11
2184,134542.03
2185,124881.625
2186,150713.1
2187,142674.52
2188,163803.39
2189,180379.88
2190,88025.32
2191,88197.92
2192,92174.414
2193,113186.26
2194,106629.04
2195,105756.94
2196,103107.31
2197,116048.09
2198,132197.3
2199,179065.1
2200,136486.22
2201,152507.19
2202,225976.45
2203,166049.9
2204,204442.77
2205,116849.38
2206,128104.445
2207,210871.73
2208,235569.75
2209,177673.9
2210,119563.555
2211,125546.984
2212,117762.375
2213,104630.17
2214,148255.03
2215,112986.52
2216,126645.11
2217,90880.44
2218,68485.93
2219,66839.49
2220,64572.336
2221,328904.06
2222,262829.22
2223,252078.42
2224,209223.89
2225,137028.69
2226,176092.97
2227,195009.92
2228,272209.44
2229,238769.47
2230,162507.33
2231,216558.52
2232,184191.31
2233,181795.5
2234,260943.47
2235,213760.7
2236,295786.56
2237,383183.03
2238,206033.06
2239,130320.24
2240,165832.75
2241,152467.02
2242,130189.36
2243,122294.664
2244,95212.26
2245,90074.695
2246,142788.55
2247,91331.54
2248,130949.93
2249,126701.63
2250,131988.31
2251,150177.44
2252,173331.67
2253,167906.61
2254,183145.61
2255,198758.08
2256,187253.22
2257,205339.28
2258,175658.77
2259,175872.69
2260,158752.94
2261,157226.36
2262,218210.1
2263,329647.8
2264,431680.25
2265,179955.92
2266,315280.75
2267,375606.47
2268,352653.1
2269,151189.48
2270,164820.22
2271,218434.34
2272,198697.05
2273,165452.83
2274,177606.17
2275,176643.36
2276,193474.75
2277,198574.67
2278,145983.31
2279,127339.35
2280,114433.125
2281,175059.95
2282,180999.17
2283,92719.73
2284,107485.77
2285,134179.19
2286,127327.12
2287,339572.25
2288,283836.38
2289,431676.97
2290,462212.16
2291,305423.6
2292,460542.16
2293,472190.7
2294,471769.2
2295,427743.7
2296,272248.06
2297,313906.25
2298,269460.5
2299,421945.1
2300,315335.62
2301,263477.22
2302,240136.94
2303,250861.11
2304,236419.78
2305,185516.92
2306,202825.25
2307,186559.05
2308,209505.06
2309,293734.9
2310,210410.52
2311,180702.56
2312,193461.77
2313,177758.3
2314,161560.06
2315,171403.66
2316,198241.86
2317,180779.02
2318,176281.52
2319,172684.92
2320,178595.67
2321,271245.97
2322,172900.81
2323,185156.98
2324,174217.4
2325,217784.75
2326,178795.73
2327,211916.67
2328,231434.9
2329,192387.03
2330,179033.0
2331,343573.4
2332,457657.72
2333,323415.22
2334,259759.44
2335,250985.72
2336,348921.62
2337,208931.45
2338,297942.22
2339,223886.84
2340,414460.1
2341,221793.23
2342,244688.12
2343,214215.34
2344,224498.92
2345,207016.34
2346,205760.05
2347,205098.08
2348,232467.56
2349,147657.77
2350,253876.5
2351,241465.36
2352,260722.11
2353,261513.14
2354,132779.14
2355,142381.95
2356,147472.8
2357,205209.83
2358,193919.84
2359,137715.58
2360,125824.24
2361,131043.734
2362,263190.62
2363,137932.58
2364,163180.05
2365,222133.0
2366,177057.06
2367,214450.66
2368,201454.72
2369,231820.88
2370,177473.16
2371,177875.03
2372,174125.72
2373,272196.9
2374,278555.78
2375,256543.62
2376,267199.34
2377,324030.0
2378,133575.64
2379,192953.22
2380,138181.2
2381,149298.88
2382,176074.83
2383,193039.36
2384,241518.83
2385,148082.45
2386,140469.86
2387,138164.44
2388,102598.52
2389,133834.75
2390,153559.42
2391,124004.18
2392,118239.234
2393,161020.83
2394,146487.58
2395,192283.7
2396,140254.4
2397,213265.89
2398,131580.11
2399,73456.84
2400,50860.15
2401,107213.8
2402,122885.24
2403,117477.3
2404,145608.4
2405,147667.44
2406,141808.1
2407,136525.75
2408,122582.13
2409,132877.67
2410,194783.9
2411,124623.414
2412,166082.16
2413,126060.78
2414,128031.375
2415,125611.72
2416,125549.414
2417,125885.91
2418,126583.945
2419,134835.83
2420,122626.555
2421,140432.83
2422,131168.11
2423,152833.81
2424,162098.78
2425,212034.53
2426,120809.664
2427,137150.73
2428,172133.31
2429,112971.43
2430,135322.66
2431,126993.89
2432,142153.7
2433,134726.2
2434,142064.88
2435,142250.52
2436,105294.0
2437,112115.016
2438,122900.56
2439,109489.41
2440,122535.79
2441,102773.23
2442,104047.05
2443,112138.08
2444,130673.016
2445,86414.57
2446,129217.32
2447,166894.11
2448,134141.77
2449,104159.06
2450,156785.47
2451,133983.89
2452,134043.33
2453,95426.836
2454,113959.79
2455,109359.91
2456,138161.72
2457,135979.03
2458,115234.67
2459,105480.49
2460,145994.5
2461,118210.45
2462,132433.33
2463,115460.65
2464,152968.55
2465,121565.7
2466,105045.48
2467,155453.9
2468,66557.85
2469,70957.88
2470,148570.28
2471,188824.72
2472,181170.81
2473,113911.5
2474,115429.12
2475,259506.16
2476,118826.75
2477,129771.08
2478,160897.69
2479,143375.06
2480,162446.27
2481,135558.28
2482,129625.086
2483,119091.58
2484,122799.33
2485,123582.47
2486,156814.03
2487,184042.28
2488,171636.33
2489,161273.44
2490,166936.61
2491,88969.8
2492,184359.53
2493,162539.14
2494,180679.19
2495,115687.33
2496,244399.73
2497,148324.2
2498,113915.16
2499,95605.055
2500,133819.75
2501,131591.27
2502,154103.75
2503,94678.516
2504,203534.84
2505,216074.28
2506,254209.73
2507,320476.12
2508,259360.88
2509,214619.03
2510,219671.45
2511,186192.7
2512,206427.97
2513,218516.52
2514,229885.22
2515,158687.33
2516,156898.95
2517,143622.81
2518,152468.86
2519,235400.19
2520,196205.77
2521,190852.33
2522,223817.03
2523,130427.55
2524,138925.5
2525,152741.08
2526,139588.23
2527,128165.73
2528,128174.664
2529,139757.16
2530,128387.13
2531,243608.22
2532,218450.61
2533,202778.23
2534,238774.36
2535,321846.22
2536,245484.4
2537,235464.89
2538,182798.1
2539,199550.94
2540,172765.73
2541,175043.3
2542,149733.44
2543,132847.47
2544,129227.83
2545,138807.56
2546,142358.47
2547,137182.67
2548,126916.016
2549,155537.89
2550,274748.06
2551,148535.42
2552,135828.86
2553,88694.3
2554,101511.35
2555,118968.95
2556,104962.25
2557,123367.79
2558,158864.1
2559,118071.49
2560,138107.34
2561,133261.1
2562,135886.02
2563,151040.2
2564,166224.06
2565,136108.12
2566,156282.8
2567,133006.05
2568,214750.89
2569,196958.06
2570,120596.21
2571,158303.81
2572,155265.08
2573,203360.81
2574,251781.98
2575,132378.58
2576,132636.03
2577,167546.27
2578,87797.836
2579,90933.77
2580,118474.47
2581,133861.77
2582,109753.945
2583,265898.5
2584,166027.12
2585,175715.12
2586,208866.73
2587,185278.3
2588,154715.47
2589,151682.81
2590,211234.5
2591,200804.89
2592,220257.44
2593,274891.47
2594,169193.5
2595,201409.02
2596,366768.6
2597,188487.33
2598,285659.03
2599,277625.75
2600,142379.14
2601,155313.97
2602,84085.13
2603,90036.414
2604,73457.836
2605,77565.57
2606,143036.02
2607,184802.61
2608,209803.36
2609,152723.23
2610,106129.98
2611,150443.17
2612,150728.75
2613,123689.805
2614,126220.76
2615,148110.84
2616,149353.48
2617,175571.25
2618,199466.06
2619,201530.31
2620,189238.55
2621,182025.86
2622,179980.64
2623,269659.06
2624,284826.4
2625,285377.12
2626,170048.77
2627,159476.6
2628,472055.47
2629,503145.16
2630,374450.97
2631,426263.84
2632,478651.66
2633,316904.34
2634,402804.22
2635,164253.17
2636,184380.25
2637,174721.92
2638,272192.62
2639,195114.34
2640,150861.83
2641,117800.39
2642,196185.95
2643,110361.125
2644,126216.516
2645,95394.37
2646,96021.46
2647,104618.71
2648,134336.34
2649,145302.1
2650,129948.22
2651,148872.36
2652,425113.6
2653,259217.52
2654,251895.22
2655,384453.12
2656,290822.6
2657,321433.38
2658,278676.97
2659,318836.62
2660,316311.0
2661,358720.9
2662,344211.88
2663,296315.75
2664,267656.3
2665,329897.78
2666,274741.84
2667,166474.05
2668,172331.66
2669,167371.42
2670,302321.2
2671,173208.97
2672,197521.03
2673,193743.72
2674,196248.61
2675,166121.94
2676,189934.48
2677,190959.25
2678,272028.47
2679,309670.4
2680,275139.66
2681,451455.62
2682,402219.44
2683,528412.3
2684,307954.75
2685,404245.62
2686,273212.16
2687,341240.84
2688,216438.66
2689,198910.33
2690,579545.94
2691,198631.78
2692,133100.95
2693,185279.08
2694,121602.984
2695,193297.08
2696,175265.28
2697,189588.27
2698,193274.95
2699,173511.52
2700,153012.52
2701,149396.83
2702,120761.43
2703,131093.95
2704,144601.67
2705,124535.805
2706,114237.5
2707,123722.79
2708,141851.14
2709,102494.13
2710,124544.37
2711,271042.16
2712,436373.6
2713,183129.3
2714,147686.88
2715,178537.03
2716,146533.14
2717,177372.25
2718,225094.17
2719,162801.61
2720,146772.58
2721,143296.16
2722,145300.81
2723,152314.6
2724,129201.08
2725,135187.0
2726,137769.44
2727,178687.78
2728,172481.5
2729,134170.81
2730,146796.53
2731,111674.44
2732,105902.0
2733,164558.17
2734,132408.33
2735,124305.516
2736,134318.42
2737,118841.71
2738,131426.44
2739,168232.47
2740,144343.81
2741,140681.61
2742,147233.72
2743,150941.86
2744,156425.75
2745,138188.05
2746,127823.375
2747,155265.52
2748,112274.875
2749,135425.44
2750,139254.47
2751,128711.8
2752,229795.66
2753,167536.5
2754,212238.6
2755,122887.04
2756,91167.38
2757,70510.92
2758,78464.96
2759,175514.81
2760,142518.78
2761,147151.88
2762,146750.53
2763,208386.05
2764,138770.0
2765,305451.72
2766,134007.11
2767,90635.16
2768,113048.1
2769,135835.8
2770,144063.52
2771,119714.266
2772,118176.07
2773,132772.02
2774,117221.53
2775,129351.41
2776,154169.25
2777,137451.25
2778,123249.9
2779,131950.69
2780,102862.56
2781,96014.44
2782,91034.914
2783,92764.19
2784,121145.266
2785,132028.23
2786,79370.125
2787,120429.11
2788,77903.28
2789,225384.45
2790,87663.055
2791,113518.016
2792,61249.902
2793,174910.1
2794,103310.69
2795,123622.0
2796,106779.25
2797,196292.27
2798,123334.62
2799,132547.78
2800,59815.82
2801,99869.875
2802,133249.83
2803,149822.62
2804,143734.98
2805,93532.81
2806,104989.5
2807,148272.86
2808,157294.62
2809,131436.27
2810,140558.19
2811,143574.67
2812,139499.06
2813,150928.9
2814,152712.48
2815,125053.72
2816,245030.31
2817,164096.22
2818,124768.79
2819,160186.11
2820,135002.1
2821,110052.234
2822,181609.61
2823,205010.27
2824,196760.8
2825,139430.1
2826,130940.24
2827,141744.33
2828,229947.89
2829,197750.78
2830,244437.48
2831,190594.44
2832,235897.03
2833,283157.06
2834,202910.11
2835,220539.89
2836,185185.62
2837,161677.08
2838,143448.12
2839,179807.66
2840,198146.75
2841,204981.36
2842,222518.38
2843,158830.55
2844,136956.12
2845,124383.01
2846,209505.45
2847,196945.53
2848,231509.39
2849,220346.61
2850,291463.78
2851,269049.03
2852,239074.95
2853,236795.22
2854,136791.97
2855,202978.9
2856,219738.2
2857,186475.69
2858,202350.67
2859,135303.39
2860,132847.22
2861,153257.31
2862,174193.62
2863,122071.08
2864,278247.38
2865,141109.4
2866,133116.72
2867,94093.945
2868,118643.64
2869,119901.56
2870,167282.31
2871,112946.516
2872,57174.215
2873,94857.2
2874,140133.67
2875,118200.27
2876,168893.02
2877,148098.98
2878,136414.3
2879,162408.75
2880,111141.875
2881,141178.6
2882,174967.44
2883,163985.3
2884,180683.88
2885,214872.78
2886,184535.12
2887,93131.22
2888,120490.836
2889,52974.12
2890,85076.53
2891,118028.32
2892,55061.938
2893,89780.41
2894,52950.26
2895,352074.06
2896,299796.78
2897,220683.25
2898,167675.1
2899,219566.66
2900,154793.48
2901,230410.73
2902,196604.69
2903,369865.25
2904,369638.03
2905,115869.37
2906,209130.72
2907,112449.75
2908,132189.16
2909,133288.48
2910,75001.38
2911,84085.13
2912,154029.34
2913,84269.05
2914,69498.38
2915,70404.1
2916,84375.555
2917,163929.1
2918,102039.7
2919,226198.61
